1	0.7833753149	0.0730478589	0.0025188917	0.1410579345	397	11
2	0.6011029412	0.1617647059	0.0018382353	0.2352941176	544	11
3	0.204379562	0.1532846715	0.1459854015	0.496350365	137	14
4	0.7183098592	0.0422535211	0.0211267606	0.2183098592	142	11
5	0.7046632124	0.1398963731	0.0259067358	0.1295336788	193	11
6	0.5569007264	0.2421307506	0.01937046	0.181598063	413	11
7	0.2839931153	0.3580034423	0.0240963855	0.3339070568	581	12
8	0.6010016694	0.1652754591	0.0050083472	0.2287145242	599	11
9	0.5487804878	0.1219512195	0.006097561	0.3231707317	164	11
10	0.0873786408	0.0194174757	0	0.8932038835	103	14
11	0.5109489051	0.1167883212	0.0072992701	0.3649635036	137	11
12	0.6	0.1605263158	0	0.2394736842	380	11
13	0.3916666667	0.5	0.025	0.0833333333	240	11
14	0.6417322835	0.1299212598	0.0019685039	0.2263779528	508	11
15	0.4952076677	0.3738019169	0	0.1309904153	313	11
16	0.4166666667	0.3263888889	0.0115740741	0.2453703704	432	11
17	0.4900662252	0.2715231788	0	0.238410596	151	11
18	0.4201183432	0.3846153846	0.0591715976	0.1360946746	169	11
19	0.201511335	0.3501259446	0.0478589421	0.4005037783	397	12
20	0.0701754386	0.4701754386	0.049122807	0.4105263158	285	12
21	0.3225806452	0.2540322581	0.0080645161	0.4153225806	992	11
22	0.4197530864	0.2024691358	0.0049382716	0.3728395062	405	11
23	0.4636920385	0.2152230971	0.0953630796	0.2257217848	1143	11
24	0.5625844823	0.1173290078	0.0554203839	0.264666126	3699	11
25	0.109929078	0.1276595745	0.585106383	0.1773049645	282	13
26	0.0198863636	0.2585227273	0.4943181818	0.2272727273	352	13
27	0.3890608875	0.1764705882	0.262125903	0.1723426213	2907	11
28	0.40140433	0.121123464	0.1907548274	0.2867173786	1709	11
29	0.3122009569	0.1985645933	0.0514354067	0.4377990431	836	11
30	0.3383838384	0.1575757576	0.1222222222	0.3818181818	990	11
31	0.1856968712	0.1982933767	0.2925639984	0.3234457538	2461	13
32	0.0868263473	0.2435129741	0.4880239521	0.1816367265	1002	13
33	0.1381882771	0.3314387211	0.3570159858	0.173357016	2815	13
34	0.0420168067	0.1260504202	0.5714285714	0.2605042017	238	13
35	0.1655211913	0.4639175258	0.0114547537	0.3591065292	1746	12
36	0.0882758621	0.5103448276	0.0386206897	0.3627586207	725	12
37	0.0525862069	0.3456896552	0.025	0.5767241379	1160	14
38	0.2390594383	0.3638145003	0.0117570216	0.3853690398	1531	12
39	0.1062618596	0.3586337761	0.0170777989	0.5180265655	527	12
40	0.0307692308	0.4519230769	0.0038461538	0.5134615385	520	12
41	0.0378188215	0.3509234828	0.0131926121	0.5980650836	1137	14
42	0.0628140704	0.6030150754	0.0150753769	0.3190954774	398	12
43	0.0703125	0.6666666667	0.0303819444	0.2326388889	1152	12
44	0.0161812298	0.6957928803	0.0323624595	0.2556634304	309	12
45	0.0174672489	0.6681222707	0.0131004367	0.3013100437	229	12
46	0.025974026	0.5800865801	0.0216450216	0.3722943723	462	12
47	0.0158730159	0.6761904762	0.0571428571	0.2507936508	315	12
48	0.066359447	0.5115207373	0.0064516129	0.4156682028	1085	12
49	0.0531561462	0.4983388704	0.0332225914	0.415282392	903	12
50	0.065913371	0.6967984934	0.0131826742	0.2241054614	531	12
51	0.1350954479	0.2936857562	0.0205580029	0.550660793	681	14
52	0.0383912249	0.2888482633	0.0054844607	0.6672760512	547	14
53	0.0336787565	0.5595854922	0.0038860104	0.4028497409	772	12
54	0.0144927536	0.5748792271	0.0048309179	0.4057971014	207	12
55	0	0	0	1	45	14
56	0.1103351955	0.188547486	0.6019553073	0.0991620112	716	13
57	0.3842975207	0.2140495868	0.2842975207	0.1173553719	1210	11
58	0.3055975794	0.2465960666	0.3615733737	0.0862329803	661	13
59	0.367929709	0.2355848435	0.2657880286	0.130697419	1821	11
60	0.0884955752	0.2522123894	0.1969026549	0.4623893805	904	13
61	0.5148762919	0.1741309114	0.1929220169	0.1180707798	3193	11
62	0.2858926342	0.2640449438	0.3389513109	0.1111111111	1602	13
63	0.3020361991	0.2070135747	0.3699095023	0.121040724	884	13
64	0.2449071978	0.2666364871	0.375735627	0.1127206881	2209	13
65	0.3784570597	0.326055313	0.154294032	0.1411935953	687	11
66	0.1100993377	0.3112582781	0.2913907285	0.2872516556	1208	13
67	0.1125592417	0.5379146919	0.0568720379	0.2926540284	844	12
68	0.1184407796	0.4752623688	0.011994003	0.3943028486	667	12
69	0.0985915493	0.2112676056	0.0387323944	0.6514084507	284	14
70	0.1258741259	0.5087412587	0.006993007	0.3583916084	572	12
71	0.1201716738	0.5908440629	0.0100143062	0.2789699571	699	12
72	0.0385395538	0.6085192698	0.0243407708	0.3286004057	493	12
73	0.1034482759	0.6293103448	0.0344827586	0.2327586207	348	12
74	0.0912408759	0.5894160584	0.0145985401	0.3047445255	548	12
75	0.0846774194	0.4637096774	0.0080645161	0.4435483871	248	12
76	0.1065375303	0.5133171913	0.0242130751	0.3559322034	413	12
77	0.0422885572	0.6641791045	0.0447761194	0.2487562189	402	12
78	0.0453074434	0.644012945	0.0485436893	0.2621359223	309	12
79	0.0117096019	0.6674473068	0.0608899297	0.2599531616	427	12
80	0.039893617	0.5904255319	0.1037234043	0.2659574468	376	12
81	0.1001855288	0.667903525	0.0797773655	0.1521335807	539	12
82	0.0704225352	0.5211267606	0.0093896714	0.3990610329	213	12
83	0.1473354232	0.5642633229	0	0.2884012539	319	12
84	0.2974828375	0.4897025172	0.0114416476	0.2013729977	437	12
85	0.1326086957	0.3695652174	0.0086956522	0.4891304348	460	12
86	0.1208459215	0.3413897281	0.003021148	0.5347432024	331	14
87	0.4012605042	0.4138655462	0.0168067227	0.1680672269	476	11
88	0.1783783784	0.2864864865	0.0324324324	0.5027027027	185	14
89	0.3529411765	0.4058823529	0.0058823529	0.2352941176	340	11
90	0.0045454545	0.0136363636	0	0.9818181818	220	14
91	0	0	0	1	136	14
92	0	0.0147058824	0	0.9852941176	136	14
93	0	0	0.0084033613	0.9915966387	119	14
94	0	0	0	1	72	14
95	0	0	0	1	124	14
96	0	0	0	1	172	14
97	0	0.0246305419	0	0.9753694581	203	14
98	0.0145631068	0	0	0.9854368932	206	14
99	0.0481540931	0.5146067416	0.2321027287	0.2051364366	3115	12
100	0.0379430854	0.4403394908	0.3230154768	0.1987019471	2003	13
101	0.077	0.398	0.331	0.194	1000	13
102	0.0825531915	0.4034042553	0.2714893617	0.2425531915	1175	12
103	0.1024390244	0.5073170732	0.1138211382	0.2764227642	1230	12
104	0.0437109723	0.5330062444	0.22970562	0.1935771632	2242	12
105	0.1320980275	0.5690376569	0.129707113	0.1691572026	1673	12
106	0.0940265487	0.6305309735	0.0741150442	0.2013274336	904	12
107	0.1105263158	0.5136842105	0.2463157895	0.1294736842	950	12
108	0.0831353919	0.4501187648	0.3194774347	0.1472684086	842	12
109	0.0836891546	0.4910333049	0.2707087959	0.1545687447	1171	12
110	0.0593699515	0.4240710824	0.2100161551	0.306542811	2476	12
111	0.170257123	0.5093815149	0.0826963169	0.2376650452	1439	12
112	0.1533970276	0.3986199575	0.2404458599	0.207537155	1884	12
113	0.2049098196	0.4013026052	0.2189378758	0.1748496994	1996	12
114	0.2334581773	0.3220973783	0.1598002497	0.2846441948	801	12
115	0.2226608764	0.4015001974	0.2621397552	0.1136991709	2533	12
116	0.0251141553	0.3961187215	0.4063926941	0.1723744292	876	13
117	0.0631229236	0.3936877076	0.1495016611	0.3936877076	602	12
118	0.1298387097	0.4411290323	0.1370967742	0.2919354839	1240	12
119	0.0971302428	0.2428256071	0.2398822664	0.4201618837	1359	13
120	0.0650980392	0.3788235294	0.4156862745	0.1403921569	1275	13
121	0.0904621436	0.4572271386	0.2664700098	0.185840708	1017	12
122	0.0722278739	0.3214649034	0.4221770092	0.1841302136	1966	13
123	0.1614310646	0.2643979058	0.187609075	0.3865619546	1146	13
124	0.6553727009	0.2284607938	0.0416263311	0.0745401742	1033	11
125	0.1369509044	0.4689922481	0.3223514212	0.0717054264	1548	12
126	0.0321100917	0.2104357798	0.6112385321	0.1462155963	1744	13
127	0.1135881104	0.5042462845	0.144373673	0.2377919321	942	12
128	0.1415711948	0.5032733224	0.2569558101	0.0981996727	1222	12
129	0.0774473358	0.4677819083	0.3457249071	0.1090458488	1614	13
130	0.2860942249	0.3541033435	0.1683130699	0.1914893617	2632	12
131	0.0570866142	0.3090551181	0.5688976378	0.0649606299	1016	13
132	0.1236102027	0.6030085023	0.0130804447	0.2603008502	1529	12
133	0.06171875	0.62265625	0.02265625	0.29296875	1280	12
134	0.2218403971	0.5563192058	0.0221458572	0.1996945399	2619	12
135	0.1905528717	0.6328502415	0.0144927536	0.1621041331	1863	12
136	0.1915708812	0.6689655172	0.0191570881	0.1203065134	1305	12
137	0.1467486819	0.644112478	0.0369068541	0.1722319859	1138	12
138	0.0832395951	0.5399325084	0.0191226097	0.3577052868	889	12
139	0.1168224299	0.523364486	0.0140186916	0.3457943925	428	12
140	0.0780711825	0.3593570608	0.0114810563	0.5510907003	871	14
141	0.2098765432	0.3925925926	0.0197530864	0.3777777778	405	12
142	0.1295572917	0.5481770833	0.013671875	0.30859375	1536	12
143	0.1926029309	0.5687369156	0.0062805304	0.2323796232	1433	12
144	0.3287841191	0.4813895782	0.0049627792	0.1848635236	806	12
145	0.2371234208	0.48202138	0.0165208941	0.2643343052	1029	12
146	0.1861402095	0.5149073328	0.0088638195	0.2900886382	1241	12
147	0.2635983264	0.5230125523	0.0041841004	0.2092050209	956	12
148	0.1819126819	0.7224532225	0.0083160083	0.0873180873	962	12
149	0.1466234968	0.749306198	0.025439408	0.0786308973	2162	12
150	0.2529696436	0.5811702596	0.0145182578	0.151341839	2273	12
151	0.235213205	0.6581843191	0.0220082531	0.0845942228	1454	12
152	0.1976694001	0.7030643073	0.0185584808	0.0807078118	2317	12
153	0.167539267	0.7130890052	0.0293193717	0.090052356	1910	12
154	0.2498042287	0.6456538763	0.0199686766	0.0845732185	2554	12
155	0.2034990792	0.6873848987	0.0290055249	0.0801104972	2172	12
156	0.2576530612	0.6076530612	0.0454081633	0.0892857143	1960	12
157	0.329468599	0.4154589372	0.0193236715	0.2357487923	1035	12
158	0.5442430704	0.3459488273	0.0287846482	0.0810234542	1876	11
159	0.1001984127	0.7817460317	0.0109126984	0.1071428571	1008	12
160	0.1378896882	0.7134292566	0.0095923261	0.139088729	834	12
161	0.2315270936	0.645320197	0.0073891626	0.1157635468	812	12
162	0.2114735658	0.6659167604	0.025871766	0.0967379078	889	12
163	0.2107175295	0.6448683015	0.0354223433	0.1089918256	1101	12
164	0.1630630631	0.6063063063	0.0306306306	0.2	1110	12
165	0.2306322351	0.6019590383	0.0552092609	0.1121994657	1123	12
166	0.1520912548	0.5095057034	0.1302281369	0.2081749049	1052	12
167	0.0723684211	0.6473684211	0.1947368421	0.0855263158	760	12
168	0.2178060413	0.5278219396	0.1017488076	0.1526232114	629	12
169	0.1732580038	0.5800376648	0.1016949153	0.1450094162	531	12
170	0.1443167305	0.6436781609	0.1034482759	0.1085568327	783	12
171	0.1414790997	0.5932475884	0.1655948553	0.0996784566	622	12
172	0.2106684673	0.5948683322	0.0999324781	0.0945307225	1481	12
173	0.6579292267	0.24726955	0.0288335518	0.0659676715	2289	11
174	0.2594397077	0.5237515225	0.1059683313	0.1108404385	821	12
175	0.4300585556	0.3669486012	0.0478204294	0.1551724138	3074	11
176	0.2023988006	0.6336831584	0.0834582709	0.0804597701	2001	12
177	0.4586686174	0.4016093636	0.0285296269	0.1111923921	1367	11
178	0.581239531	0.3176996092	0.0223338917	0.0787269682	1791	11
179	0.5878039367	0.3319181783	0.0219992281	0.0582786569	2591	11
180	0.3243243243	0.586971587	0.0297990298	0.0589050589	1443	12
181	0.3836126629	0.5325884544	0.0391061453	0.0446927374	537	12
182	0.3639705882	0.5165441176	0.0643382353	0.0551470588	1088	12
183	0.3779731127	0.5144777663	0.0449844881	0.0625646329	1934	12
184	0.5808553971	0.3250509165	0.0517311609	0.0423625255	2455	11
185	0.5652579242	0.3551895587	0.0422622747	0.0372902424	3218	11
186	0.6660583942	0.2585158151	0.0237226277	0.051703163	1644	11
187	0.6256643888	0.2771450266	0.0288534548	0.0683371298	1317	11
188	0.69248	0.20576	0.01696	0.0848	3125	11
189	0.7128537736	0.2222877358	0.0170990566	0.047759434	1696	11
190	0.7680695334	0.1569075938	0.0096065874	0.0654162855	2186	11
191	0.6534133533	0.2363090773	0.0317579395	0.0785196299	3999	11
192	0.6624242424	0.1987878788	0.0236363636	0.1151515152	1650	11
193	0.6203473945	0.2441687345	0.0337468983	0.1017369727	2015	11
194	0.5361480625	0.3345864662	0.0503181029	0.0789473684	3458	11
195	0.4438705234	0.3880853994	0.0736914601	0.0943526171	2904	11
196	0.5984303466	0.2544146501	0.0300850229	0.1170699804	1529	11
197	0.295640327	0.3344686649	0.0340599455	0.3358310627	1468	11
198	0.552545156	0.1806239737	0.0090311987	0.2577996716	1218	11
199	0.3974221267	0.3947368421	0.059613319	0.1482277121	1862	11
200	0.391220142	0.3273079406	0.1517107811	0.1297611362	1549	11
201	0.193326791	0.6545632974	0.0176643768	0.1344455348	1019	12
202	0.1169305725	0.6979293544	0.0194884287	0.1656516443	821	12
203	0.3993421053	0.4388157895	0.1006578947	0.0611842105	1520	11
204	0.2724757953	0.612033195	0.0380359613	0.0774550484	1446	12
205	0.3236714976	0.6231884058	0.0338164251	0.0193236715	207	12
206	0.2438752784	0.6436525612	0.0256124722	0.0868596882	898	12
207	0.2762923351	0.5704099822	0.0891265597	0.064171123	1122	12
208	0.3803786575	0.5060240964	0.0516351119	0.0619621343	581	12
209	0.2062893082	0.6125786164	0.1018867925	0.079245283	795	12
210	0.2177722153	0.6683354193	0.0375469337	0.0763454318	799	12
211	0.2610508757	0.6021684737	0.0809007506	0.0558798999	1199	12
212	0.288184438	0.6152737752	0.0547550432	0.0417867435	1388	12
213	0.2837528604	0.5720823799	0.0686498856	0.0755148741	437	12
214	0.4373716632	0.4558521561	0.0369609856	0.0698151951	487	11
215	0.4888888889	0.3982905983	0.0256410256	0.0871794872	1170	11
216	0.5131723381	0.3836443469	0.0159165752	0.0872667398	1822	11
217	0.7594086022	0.186155914	0.0141129032	0.0403225806	1488	11
218	0.7889182058	0.1589709763	0.0052770449	0.0468337731	1516	11
219	0.7720848057	0.1790341578	0.0106007067	0.0382803298	1698	11
220	0.385883905	0.5211081794	0.0164907652	0.0765171504	1516	12
221	0.3139050791	0.5878434638	0.0149875104	0.0832639467	1201	12
222	0.4196319018	0.4490797546	0.0171779141	0.1141104294	815	11
223	0.4305084746	0.413559322	0.0033898305	0.1525423729	295	11
224	0.5798548094	0.2577132486	0.0217785844	0.1406533575	1102	11
225	0.5166284404	0.3577981651	0.0871559633	0.0384174312	1744	11
226	0.5904173107	0.2210200927	0.0231839258	0.1653786708	647	11
227	0.4285714286	0.4261904762	0.0547619048	0.0904761905	420	11
228	0.3290734824	0.4792332268	0.0862619808	0.1054313099	313	12
229	0.1823788546	0.5929515419	0.1171806167	0.1074889868	1135	12
230	0.2640949555	0.4836795252	0.0658753709	0.1863501484	1685	12
231	0.5155279503	0.3824312334	0.0239574091	0.0780834073	1127	11
232	0.46799117	0.4216335541	0.0220750552	0.0883002208	906	11
233	0.5295404814	0.4011670314	0.0423048869	0.0269876003	1371	11
234	0.5042372881	0.3781779661	0.0280720339	0.0895127119	1888	11
235	0.4986449864	0.3859078591	0.0563685637	0.0590785908	1845	11
236	0.383160899	0.4249018908	0.1262932572	0.0656439529	2803	11
237	0.325095057	0.4762357414	0.1207224335	0.0779467681	1052	12
238	0.3120516499	0.3866571019	0.1427546628	0.1585365854	1394	12
239	0.3288590604	0.5520134228	0.0503355705	0.0687919463	596	12
240	0.2892307692	0.6215384615	0.0738461538	0.0153846154	325	12
241	0.1206896552	0.2413793103	0.1896551724	0.4482758621	58	13
242	0.046875	0.4140625	0.3046875	0.234375	128	13
243	0.1168831169	0.4545454545	0.1623376623	0.2662337662	154	12
244	0.0612244898	0.2176870748	0.1428571429	0.5782312925	147	14
245	0.0829493088	0.1198156682	0.3087557604	0.4884792627	217	13
246	0.1482889734	0.0912547529	0.4410646388	0.319391635	263	13
247	0.0977653631	0.1899441341	0.6675977654	0.0446927374	358	13
248	0.2108695652	0.3673913043	0.2260869565	0.1956521739	460	12
249	0.1836734694	0.3896103896	0.3487940631	0.0779220779	539	13
250	0.0604026846	0.2326621924	0.5749440716	0.1319910515	447	13
251	0.0909090909	0.3051948052	0.3896103896	0.2142857143	154	13
252	0.1188118812	0.099009901	0.5841584158	0.198019802	101	13
253	0.1085714286	0.2771428571	0.44	0.1742857143	350	13
254	0.0666666667	0.1435897436	0.6512820513	0.1384615385	195	13
255	0.3246753247	0.2949907236	0.1818181818	0.1985157699	539	11
256	0.3494318182	0.2997159091	0.2982954545	0.0525568182	704	11
257	0.3333333333	0.1333333333	0.2740740741	0.2592592593	135	11
258	0.074906367	0.2621722846	0.4794007491	0.1835205993	267	13
259	0.0804195804	0.2552447552	0.4755244755	0.1888111888	286	13
260	0.0642857143	0.25	0.575	0.1107142857	280	13
261	0.0522875817	0.1633986928	0.6339869281	0.1503267974	153	13
262	0.0266666667	0.1733333333	0.4133333333	0.3866666667	150	13
263	0.0579710145	0.3574879227	0.4057971014	0.1787439614	207	13
264	0.0299401198	0.251497006	0.5748502994	0.1437125749	167	13
265	0.0402930403	0.2783882784	0.1721611722	0.5091575092	273	14
266	0.0354609929	0.1985815603	0.5602836879	0.2056737589	141	13
267	0.0387096774	0.264516129	0.5677419355	0.1290322581	155	13
268	0.0327868852	0.0983606557	0.6885245902	0.1803278689	61	13
269	0.0769230769	0.2596153846	0.5192307692	0.1442307692	104	13
270	0.0510948905	0.2335766423	0.3503649635	0.3649635036	137	13
271	0.0569105691	0.2195121951	0.5528455285	0.1707317073	123	13
272	0.1375186846	0.3856502242	0.4409566517	0.0358744395	669	13
273	0.0742857143	0.24	0.6114285714	0.0742857143	175	13
274	0.1624365482	0.3637901861	0.3468697124	0.1269035533	591	13
275	0.053030303	0.3257575758	0.0151515152	0.6060606061	132	14
276	0.0974358974	0.4	0.0871794872	0.4153846154	195	12
277	0.0625	0.2276785714	0.03125	0.6785714286	224	14
278	0.0380228137	0.3117870722	0.0684410646	0.5817490494	263	14
279	0.0744186047	0.3581395349	0.5209302326	0.0465116279	215	13
280	0.1709006928	0.2979214781	0.4249422633	0.1062355658	433	13
281	0.0297029703	0.3069306931	0.5643564356	0.099009901	101	13
282	0.0377358491	0.2452830189	0.4339622642	0.2830188679	53	13
283	0.0109289617	0.087431694	0.4207650273	0.4808743169	183	13
284	0	0.2018348624	0.6788990826	0.119266055	109	13
285	0.0217391304	0.0217391304	0.7826086957	0.1739130435	46	13
286	0.0104712042	0.2513089005	0.5916230366	0.1465968586	191	13
287	0.0877192982	0.3859649123	0.4152046784	0.1111111111	171	13
288	0.2285714286	0.3571428571	0.1714285714	0.2428571429	70	12
289	0.0450236967	0.4857819905	0.0236966825	0.4454976303	422	12
290	0.0421348315	0.5533707865	0.0505617978	0.3539325843	356	12
291	0.0977011494	0.5574712644	0.0574712644	0.2873563218	174	12
292	0.0585585586	0.3828828829	0.045045045	0.5135135135	222	12
293	0.1596480201	0.3934632307	0.333752357	0.1131363922	1591	13
294	0.2336103416	0.4275161588	0.2843951985	0.054478301	1083	12
295	0.2208835341	0.4016064257	0.2463186078	0.1311914324	747	12
296	0.1660682226	0.2513464991	0.4892280072	0.0933572711	1114	13
297	0.0600343053	0.2658662093	0.5214408233	0.1526586621	583	13
298	0.0980592441	0.1950970378	0.3810010215	0.3258426966	979	13
299	0.2015655577	0.2700587084	0.2915851272	0.2367906067	511	13
300	0.0979477612	0.6473880597	0.1082089552	0.1464552239	1072	12
301	0.0676284941	0.7267808837	0.0117222723	0.1938683499	1109	12
302	0.120291616	0.5880923451	0.0972053463	0.1944106926	823	12
303	0.0824858757	0.6621468927	0.0192090395	0.2361581921	885	12
304	0.0600649351	0.7305194805	0.0779220779	0.1314935065	616	12
305	0.1126760563	0.5720992622	0.0409121395	0.2743125419	1491	12
306	0.1258703803	0.4890198179	0.0669523299	0.3181574719	1867	12
307	0.1637130802	0.5510548523	0.1080168776	0.1772151899	1185	12
308	0.1670588235	0.5192156863	0.2454901961	0.0682352941	1275	12
309	0.1306865178	0.300248139	0.1100082713	0.459057072	1209	12
310	0.2179300292	0.2922740525	0.0940233236	0.3957725948	1372	12
311	0.2729234088	0.2610571737	0.0226537217	0.4433656958	927	11
312	0.1269461078	0.3556886228	0.1053892216	0.4119760479	835	12
313	0.1129785247	0.5088702148	0.1055088702	0.2726423903	1071	12
314	0.2330202312	0.5274566474	0.1748554913	0.0646676301	2768	12
315	0.1186440678	0.4759887006	0.2867231638	0.1186440678	708	12
316	0.0986964618	0.4245810056	0.0474860335	0.4292364991	1074	12
317	0.1816283925	0.4311064718	0.0177453027	0.369519833	958	12
318	0.1277777778	0.5527777778	0.0055555556	0.3138888889	360	12
319	0.1341463415	0.5993031359	0.0418118467	0.224738676	574	12
320	0.140625	0.560546875	0.107421875	0.19140625	512	12
321	0.1121323529	0.5266544118	0.0569852941	0.3042279412	1088	12
322	0.0709459459	0.2905405405	0.0405405405	0.597972973	296	14
323	0.1262729124	0.3869653768	0.0183299389	0.4684317719	491	12
324	0.1038011696	0.6447368421	0.0716374269	0.1798245614	684	12
325	0.092495637	0.7068062827	0.0558464223	0.1448516579	573	12
326	0.0944099379	0.6124223602	0.0795031056	0.2136645963	805	12
327	0.1406844106	0.1723700887	0.0088719899	0.6780735108	789	14
328	0.0442176871	0.4977324263	0.0090702948	0.4489795918	882	12
329	0.0306698951	0.7376916868	0.0637610977	0.1678773204	1239	12
330	0.0813581038	0.7226137092	0.0563741192	0.1396540679	1561	12
331	0.0948012232	0.6795107034	0.125382263	0.1003058104	1635	12
332	0.1597667638	0.5807580175	0.0641399417	0.195335277	1715	12
333	0.1159757802	0.6050302748	0.017699115	0.26129483	2147	12
334	0.2431865828	0.5823899371	0.0423480084	0.1320754717	2385	12
335	0.1683919945	0.5162180814	0.0527950311	0.262594893	2898	12
336	0.0338762215	0.6312703583	0.0104234528	0.3244299674	1535	12
337	0.0490236809	0.394682177	0.0016618197	0.5546323224	2407	12
338	0.1023725835	0.473198594	0.0557996485	0.368629174	2276	12
339	0.3345156889	0.4747612551	0.0736698499	0.117053206	3665	12
340	0.49296875	0.313671875	0.043359375	0.15	2560	11
341	0.0824442289	0.1425800194	0.0019398642	0.7730358875	1031	14
342	0	0	0	1	142	14
343	0.271620487	0.2863140218	0.0008396306	0.4412258606	2382	11
344	0.340842442	0.4820047987	0.0891762197	0.0879765396	7502	12
345	0.3868565879	0.4040142441	0.010683069	0.1984460991	3089	11
346	0.7485714286	0.1485714286	0.04	0.0628571429	875	11
347	0.5350500715	0.3161659514	0.0951359084	0.0536480687	1398	11
348	0.4353518822	0.2929623568	0.0589198036	0.2127659574	611	11
349	0.5980842912	0.2279693487	0.0597701149	0.1141762452	2610	11
350	0.4817578773	0.2964344942	0.0758706468	0.1459369818	2412	11
351	0.5878575598	0.2621132516	0.0986573263	0.0513718622	1713	11
352	0.2193732194	0.3532763533	0.2528490028	0.1745014245	1404	12
353	0.282161235	0.3499142367	0.1878216123	0.180102916	1166	12
354	0.4882780922	0.1204527082	0.012934519	0.3783346807	1237	11
355	0.5852981969	0.1705963939	0.0208044383	0.2233009709	721	11
356	0.3786666667	0.3946666667	0.1573333333	0.0693333333	375	11
357	0.5310415598	0.170343766	0.0420728579	0.2565418163	1949	11
358	0.6706349206	0.2250566893	0.0470521542	0.0572562358	1764	11
359	0.6070496084	0.2232375979	0.1109660574	0.0587467363	766	11
360	0.5170499603	0.2799365583	0.0737509913	0.1292624901	1261	11
361	0.2988826816	0.3631284916	0.0810055866	0.2569832402	358	12
362	0.5763837638	0.2295202952	0.1265682657	0.0675276753	2710	11
363	0.6269058296	0.2242152466	0.0735426009	0.0753363229	1115	11
364	0.3076923077	0.344356578	0.1754133717	0.1725377426	1391	11
365	0.2979274611	0.3341968912	0.3264248705	0.0414507772	772	13
366	0.2750775595	0.3908996898	0.3019648397	0.0320579111	967	12
367	0.2884615385	0.4807692308	0.1858974359	0.0448717949	468	12
368	0.3966121495	0.3440420561	0.1442757009	0.1150700935	1712	11
369	0.4737281068	0.2502085071	0.0733944954	0.2026688907	1199	11
370	0.1532846715	0.5831305758	0.1549067315	0.1086780211	1233	12
371	0.1626794258	0.3444976077	0.0598086124	0.4330143541	418	12
372	0.2024078254	0.3559066968	0.1843491347	0.2573363431	1329	12
373	0.3570451436	0.3748290014	0.1559507524	0.1121751026	731	11
374	0.3510005408	0.3747971877	0.0573282856	0.2168739859	1849	11
375	0.2946386946	0.4918414918	0.0741258741	0.1393939394	2145	12
376	0.4557787634	0.3287242369	0.0813983825	0.1340986173	3833	11
377	0.1795609932	0.6581504138	0.0363440086	0.1259445844	2779	12
378	0.3614274867	0.5740318907	0.0045558087	0.059984814	1317	12
379	0.3415468857	0.5667351129	0.0082135524	0.083504449	1461	12
380	0.262745098	0.5858823529	0.0125490196	0.1388235294	1275	12
381	0.215037594	0.520802005	0.0115288221	0.2526315789	1995	12
382	0.3030120482	0.5168674699	0.0090361446	0.1710843373	1660	12
383	0.343887423	0.3711521548	0.0290237467	0.2559366755	1137	11
384	0.370773639	0.3123209169	0.0934097421	0.223495702	1745	11
385	0.3251417769	0.5003150599	0.052299937	0.1222432262	1587	12
386	0.220703125	0.4036458333	0.0247395833	0.3509114583	1536	12
387	0.2121573302	0.6168057211	0.0190703218	0.1519666269	1678	12
388	0.3212568131	0.3988457839	0.0785508176	0.2013465854	3119	12
389	0.2911802853	0.3300907912	0.3190661479	0.0596627756	1542	13
390	0.4182338512	0.3744889616	0.1283728536	0.0789043336	2446	11
391	0.2480211082	0.489885664	0.1767810026	0.0853122252	1137	12
392	0.2349665924	0.5200445434	0.1169265033	0.1280623608	898	12
393	0.3236899563	0.5032751092	0.057860262	0.1151746725	1832	12
394	0.3164005806	0.4891146589	0.1059506531	0.0885341074	689	12
395	0.400921659	0.4225806452	0.0894009217	0.0870967742	2170	11
396	0.4471927758	0.3297997644	0.1605810758	0.062426384	2547	11
397	0.3249176729	0.5323819978	0.0669593853	0.075740944	911	12
398	0.247652002	0.4152249135	0.2283737024	0.1087493821	2023	12
399	0.1590688652	0.4946653734	0.2958292919	0.0504364694	1031	12
400	0.3075933076	0.3127413127	0.1711711712	0.2084942085	777	11
401	0.2538964304	0.477124183	0.1633986928	0.1055806938	1989	12
402	0.1078787879	0.5018181818	0.3236363636	0.0666666667	825	12
403	0.1338289963	0.470260223	0.2670384139	0.1288723668	1614	12
404	0.2336892052	0.3629893238	0.2158956109	0.18742586	843	12
405	0.2201754386	0.4675438596	0.1587719298	0.1535087719	1140	12
406	0.174553102	0.3427970557	0.3065194532	0.1761303891	1902	13
407	0.1064030132	0.2382297552	0.577212806	0.0781544256	1062	13
408	0.1202060675	0.2432741843	0.5254722381	0.11104751	1747	13
409	0.0948090948	0.2548262548	0.4367224367	0.2136422136	2331	13
410	0.2338425382	0.3376419898	0.2569526048	0.1715628672	2553	12
411	0.1668036154	0.4083812654	0.338537387	0.0862777321	1217	13
412	0.0553306343	0.1970310391	0.6437246964	0.1039136302	741	13
413	0.0987012987	0.3264069264	0.4831168831	0.0917748918	1155	13
414	0.2449474535	0.4939369442	0.1527890057	0.1083265966	1237	12
415	0.2270408163	0.3571428571	0.362244898	0.0535714286	392	13
416	0.1311728395	0.2885802469	0.3919753086	0.1882716049	648	13
417	0.3472727273	0.2054545455	0.3981818182	0.0490909091	550	13
418	0.1468531469	0.5699300699	0.1800699301	0.1031468531	572	12
419	0.0873269436	0.6986155485	0.0681576145	0.1458998935	939	12
420	0.1496350365	0.746350365	0.0237226277	0.0802919708	1096	12
421	0.12899106	0.5453384419	0.0791826309	0.2464878672	783	12
422	0.0743440233	0.5889212828	0.1967930029	0.139941691	686	12
423	0.0729166667	0.4583333333	0.3645833333	0.1041666667	1440	13
424	0.0919854281	0.5081967213	0.2777777778	0.1220400729	1098	12
425	0.1021307862	0.4783247612	0.2468772961	0.1726671565	1361	12
426	0.2215909091	0.4820075758	0.1846590909	0.1117424242	1056	12
427	0.0974358974	0.496969697	0.2181818182	0.1874125874	2145	12
428	0.1785162287	0.4636785162	0.1955177743	0.1622874807	1294	12
429	0.2462686567	0.4592039801	0.1348258706	0.1597014925	2010	12
430	0.3026965439	0.4504367641	0.161792632	0.08507406	2633	12
431	0.4939759036	0.2575301205	0.1385542169	0.109939759	664	11
432	0.0460992908	0.1725768322	0.6004728132	0.1808510638	846	13
433	0.0478821363	0.3112338858	0.5009208103	0.1399631676	1086	13
434	0.2121212121	0.3309409888	0.3309409888	0.1259968102	1254	13
435	0.0828220859	0.4041411043	0.3680981595	0.1449386503	1304	13
436	0.0846273292	0.4534161491	0.3408385093	0.1211180124	1288	13
437	0.0665119876	0.4655839134	0.339520495	0.128383604	1293	13
438	0.1380331754	0.3015402844	0.4401658768	0.1202606635	1688	13
439	0.0466200466	0.3344988345	0.2983682984	0.3205128205	858	13
440	0.0461653016	0.191362621	0.6321667908	0.1303052867	1343	13
441	0.0340218712	0.2454434994	0.5662211422	0.1543134872	823	13
442	0.1810026385	0.4385224274	0.2870712401	0.0934036939	1895	12
443	0.1650717703	0.6238038278	0.1142344498	0.0968899522	1672	12
444	0.1628289474	0.4210526316	0.1825657895	0.2335526316	608	12
445	0.135021097	0.5873417722	0.1544303797	0.1232067511	1185	12
446	0.1725636251	0.5543140906	0.1340782123	0.139044072	1611	12
447	0.1735973597	0.3874587459	0.3168316832	0.1221122112	1515	13
448	0.1767764298	0.4800693241	0.2114384749	0.1317157712	577	12
449	0.1501390176	0.5403151066	0.1334569045	0.1760889713	1079	12
450	0.3788944724	0.3467336683	0.1135678392	0.1608040201	995	11
451	0.2609230769	0.3175384615	0.1956923077	0.2258461538	1625	12
452	0.136915078	0.4445407279	0.308492201	0.1100519931	1154	12
453	0.222459893	0.2727272727	0.4598930481	0.0449197861	935	13
454	0.3102918587	0.2496159754	0.3571428571	0.0829493088	1302	13
455	0.1827182718	0.3802880288	0.303780378	0.1332133213	2222	13
456	0.3002436054	0.3721071864	0.2594397077	0.0682095006	1642	12
457	0.2563739377	0.3555240793	0.2769121813	0.1111898017	1412	12
458	0.1177325581	0.5755813953	0.2194767442	0.0872093023	1376	12
459	0.0957683742	0.6692650334	0.1269487751	0.1080178174	898	12
460	0.4444444444	0.2656084656	0.1375661376	0.1523809524	945	11
461	0.2002945508	0.2842415317	0.3195876289	0.1958762887	679	13
462	0.3250688705	0.45087236	0.1505968779	0.0734618916	1089	12
463	0.1638709677	0.4258064516	0.3187096774	0.0916129032	775	12
464	0.0551643192	0.2922535211	0.5645539906	0.088028169	852	13
465	0.076142132	0.2774957699	0.5532994924	0.0930626058	591	13
466	0.0641646489	0.3014527845	0.4975786925	0.1368038741	826	13
467	0.0512820513	0.2564102564	0.4729344729	0.2193732194	351	13
468	0.0208550574	0.5297184567	0.102189781	0.3472367049	959	12
469	0.0237184392	0.622800306	0.1920428462	0.1614384086	1307	12
470	0.0159292035	0.6336283186	0.2017699115	0.1486725664	565	12
471	0.0088757396	0.600591716	0.1124260355	0.2781065089	676	12
472	0.0629705681	0.5852156057	0.1519507187	0.1998631075	1461	12
473	0.0108401084	0.5176151762	0.0569105691	0.4146341463	369	12
474	0.0223880597	0.6	0.0865671642	0.2910447761	670	12
475	0.0163934426	0.6133879781	0.2117486339	0.1584699454	732	12
476	0.0070351759	0.5115577889	0.2492462312	0.232160804	995	12
477	0.0074165637	0.5735475896	0.2014833127	0.217552534	809	12
478	0.0218340611	0.4497816594	0.1615720524	0.3668122271	229	12
479	0.0104861773	0.5729265968	0.2211630124	0.1954242135	1049	12
480	0.0056657224	0.6218130312	0.2280453258	0.1444759207	706	12
481	0.0143171806	0.5484581498	0.1806167401	0.2566079295	908	12
482	0.0062370062	0.659043659	0.0831600832	0.2515592516	481	12
483	0.0331034483	0.6924137931	0.0910344828	0.1834482759	725	12
484	0.0679304897	0.7101105845	0.1232227488	0.0987361769	1266	12
485	0.1602739726	0.6383561644	0.1369863014	0.0643835616	730	12
486	0.0615478367	0.5953686776	0.2541133455	0.0889701402	1641	12
487	0.109947644	0.5462478185	0.3001745201	0.0436300175	573	12
488	0.0451436389	0.5294117647	0.2366621067	0.1887824897	731	12
489	0.0477707006	0.3503184713	0.5859872611	0.0159235669	314	13
490	0.0182232346	0.3712984055	0.3006833713	0.3097949886	439	13
491	0.1259259259	0.3333333333	0.1222222222	0.4185185185	540	12
492	0.016091954	0.2609195402	0.4126436782	0.3103448276	870	13
493	0.0381355932	0.3220338983	0.5593220339	0.0805084746	472	13
494	0	0	0	1	18	14
495	0	0	0	1	43	14
496	0.0769230769	0.3076923077	0.043956044	0.5714285714	91	14
497	0.0501930502	0.2403474903	0.6042471042	0.1052123552	1036	13
498	0.0124378109	0.1815920398	0.631840796	0.1741293532	804	13
499	0.017304667	0.2144729942	0.5794441531	0.1887781856	1907	13
500	0.0180296201	0.1377978107	0.6986477785	0.1455247907	1553	13
501	0.0264150943	0.2367924528	0.6	0.1367924528	1060	13
502	0.0366161616	0.1893939394	0.6691919192	0.1047979798	792	13
503	0.0618238022	0.3003606388	0.52498712	0.1128284389	1941	13
504	0.0406360424	0.175795053	0.6113074205	0.1722614841	1132	13
505	0.048891129	0.1743951613	0.5231854839	0.2535282258	1984	13
506	0.1517960603	0.3186558517	0.359212051	0.1703360371	863	13
507	0.1918238994	0.3888888889	0.2809224319	0.1383647799	954	12
508	0.1968051118	0.2696485623	0.4817891374	0.0517571885	1565	13
509	0.0805882353	0.26	0.4752941176	0.1841176471	1700	13
510	0.0358006773	0.1683599419	0.6898887276	0.1059506531	2067	13
511	0.0199784017	0.2235421166	0.598812095	0.1576673866	1852	13
512	0.0107095047	0.1445783133	0.7416331995	0.1030789826	747	13
513	0.0050556117	0.1304347826	0.7209302326	0.1435793731	989	13
514	0.0074906367	0.127340824	0.7574906367	0.1076779026	1068	13
515	0.0065019506	0.1287386216	0.700260078	0.1644993498	1538	13
516	0.012987013	0.1008658009	0.7034632035	0.1826839827	2310	13
517	0.0760911549	0.2105059869	0.1935110081	0.5198918501	2589	14
518	0	0	0	1	59	14
519	0	0	0	1	41	14
520	0.1411214953	0.2757009346	0.2014018692	0.3817757009	2140	13
521	0.0147741663	0.1481637822	0.5031658928	0.3338961587	2369	13
522	0.0026737968	0.1101604278	0.720855615	0.1663101604	1870	13
523	0.0019417476	0.101618123	0.769579288	0.1268608414	1545	13
524	0.0091911765	0.2242647059	0.6231617647	0.1433823529	1088	13
525	0.0168728909	0.2002249719	0.6209223847	0.1619797525	889	13
526	0.0082587749	0.2050929112	0.5712319339	0.2154163799	1453	13
527	0.0328036904	0.3741670938	0.4090210149	0.1840082009	1951	13
528	0.1481927711	0.3373493976	0.313253012	0.2012048193	1660	13
529	0.3003663004	0.3736263736	0.0952380952	0.2307692308	819	12
530	0.0148950575	0.2748815166	0.461746784	0.2484766418	1477	13
531	0.0145251397	0.4201117318	0.3664804469	0.1988826816	895	13
532	0.0789170507	0.2200460829	0.5529953917	0.1480414747	1736	13
533	0.04685836	0.2087326944	0.4643237487	0.280085197	939	13
534	0.0338835795	0.2441355343	0.5125977411	0.2093831451	1151	13
535	0.0487288136	0.2358757062	0.4992937853	0.2161016949	1416	13
536	0.003058104	0	0	0.996941896	981	14
537	0.0342089188	0.1307269395	0.2693952352	0.5656689065	1637	14
538	0.0266159696	0.144486692	0.706590621	0.1223067174	1578	13
539	0.0307564422	0.2202826268	0.5710723192	0.1778886118	1203	13
540	0.0344186047	0.2455813953	0.608372093	0.111627907	1075	13
541	0.0572792363	0.1614956245	0.6603023071	0.1209228321	1257	13
542	0.1709730621	0.3655854865	0.340846619	0.1225948323	1819	13
543	0.0866873065	0.2359133127	0.5133126935	0.1640866873	1615	13
544	0.1434166918	0.2304911118	0.5040674902	0.1220247062	3319	13
545	0.0812274368	0.4175691937	0.2809867629	0.2202166065	1662	12
546	0.0240295749	0.3447319778	0.393715342	0.2375231054	1082	13
547	0.045106383	0.2578723404	0.4621276596	0.234893617	1175	13
548	0.0070351759	0.1417085427	0.5336683417	0.3175879397	995	13
549	0.0382608696	0.1843478261	0.5660869565	0.2113043478	1150	13
550	0.0821018062	0.3571428571	0.3875205255	0.1732348112	1218	13
551	0.0568760611	0.2801358234	0.3786078098	0.2843803056	1178	13
552	0.0208711434	0.108892922	0.6279491833	0.2422867514	1102	13
553	0.0268576544	0.2238137869	0.5290957923	0.2202327663	1117	13
554	0.0355892649	0.2841306884	0.4655775963	0.2147024504	1714	13
555	0.0332167832	0.3741258741	0.3146853147	0.277972028	1716	13
556	0.0694896851	0.2779587405	0.2855591748	0.3669923996	921	13
557	0.0432692308	0.3846153846	0.3689903846	0.203125	832	13
558	0.080794702	0.4264900662	0.238410596	0.2543046358	755	12
559	0.0651731161	0.2851323829	0.4755600815	0.1741344196	982	13
560	0.0732758621	0.3247126437	0.3994252874	0.2025862069	696	13
561	0.0280373832	0.261682243	0.4224299065	0.2878504673	535	13
562	0.0095785441	0.2011494253	0.5114942529	0.2777777778	522	13
563	0.0572745227	0.2053982883	0.1909150757	0.5464121132	1519	14
564	0.0410654828	0.371809101	0.371809101	0.2153163152	901	13
565	0.0166453265	0.1869398207	0.4583866837	0.338028169	781	13
566	0.0417044424	0.3218495014	0.4297370807	0.2067089755	1103	13
567	0.0601659751	0.3952282158	0.3599585062	0.1846473029	964	13
568	0.046836983	0.3564476886	0.3868613139	0.2098540146	1644	13
569	0.0107816712	0.0431266846	0.0107816712	0.935309973	371	14
570	0.0373514431	0.2572156197	0.2826825127	0.4227504244	1178	13
571	0.0395480226	0.3764124294	0.4078389831	0.176200565	2832	13
572	0.0242424242	0.1345454545	0.0775757576	0.7636363636	825	14
573	0.0376623377	0.4136363636	0.4	0.1487012987	1540	13
574	0.0259146341	0.3048780488	0.4763719512	0.1928353659	2624	13
575	0.0016233766	0	0	0.9983766234	616	14
576	0.0054347826	0.027173913	0.0733695652	0.8940217391	368	14
577	0.0550584997	0.3833448039	0.3303509979	0.2312456986	1453	13
578	0.0646950092	0.3900184843	0.303142329	0.2421441774	541	13
579	0.0896980462	0.3685612789	0.3037300178	0.2380106572	1126	13
580	0.0588235294	0.3159663866	0.4487394958	0.1764705882	595	13
581	0.0893355667	0.2579564489	0.3567839196	0.2959240648	1791	13
582	0.0484848485	0.228956229	0.5232323232	0.1993265993	1485	13
583	0.0642201835	0.3	0.2614678899	0.3743119266	1090	13
584	0.0414012739	0.2728237792	0.432059448	0.2537154989	942	13
585	0.0971128609	0.031496063	0.0052493438	0.8661417323	381	14
586	0.0340909091	0.0492424242	0.0113636364	0.9053030303	264	14
587	0.3529411765	0	0	0.6470588235	17	14
588	0.0403587444	0.0134529148	0	0.9461883408	223	14
589	0.0024038462	0.0072115385	0	0.9903846154	416	14
590	0.0135135135	0.3513513514	0	0.6351351351	74	14
591	0.0881355932	0.0033898305	0	0.9084745763	295	14
592	0.2240437158	0.0273224044	0	0.7486338798	366	14
593	0.025974026	0.0454545455	0.0032467532	0.9253246753	308	14
594	0.0102564103	0.0017094017	0	0.988034188	585	14
595	0.0145833333	0.0020833333	0	0.9833333333	480	14
596	0	0.1979166667	0.125	0.6770833333	96	14
597	0	0.0043859649	0	0.9956140351	228	14
598	0.0673400673	0.0437710438	0	0.8888888889	297	14
599	0.0817610063	0.0880503145	0	0.8301886792	159	14
600	0.0458333333	0.0333333333	0	0.9208333333	240	14
601	0.0283286119	0.0056657224	0	0.9660056657	353	14
602	0.081300813	0.1430894309	0.0918699187	0.6837398374	1230	14
603	0	0	0	1	156	14
604	0.0943820225	0.1494382022	0.0971910112	0.658988764	1780	14
605	0.0619195046	0.1547987616	0.079876161	0.7034055728	1615	14
606	0.0773854245	0.2922614576	0.3628850488	0.2674680691	1331	13
607	0.1183398766	0.3107122827	0.3589455973	0.2120022434	1783	13
608	0.0169753086	0.0594135802	0.299382716	0.6242283951	1296	14
609	0.0083135392	0.0451306413	0.3562945368	0.5902612827	842	14
610	0.0080645161	0.0387096774	0.360483871	0.5927419355	1240	14
611	0.0083102493	0.0387811634	0.0858725762	0.8670360111	361	14
612	0.0198598131	0.1028037383	0.3586448598	0.5186915888	856	13
613	0.0108225108	0.0584415584	0.4004329004	0.5303030303	462	13
614	0.0296803653	0.1210045662	0.3321917808	0.5171232877	876	13
615	0.0512820513	0.1965811966	0.5769230769	0.1752136752	234	13
616	0.0839694656	0.4351145038	0.2633587786	0.2175572519	262	12
617	0.1803797468	0.2998417722	0.2049050633	0.3148734177	1264	12
618	0.1576819407	0.423180593	0.128032345	0.2911051213	742	12
619	0.1348167539	0.4096858639	0.1884816754	0.2670157068	764	12
620	0.0717039322	0.3616037008	0.2181958365	0.3484965305	1297	12
621	0.0595111583	0.2763018066	0.4187035069	0.2454835282	941	13
622	0.12125	0.23875	0.2175	0.4225	800	13
623	0.0416666667	0.1432926829	0.262195122	0.5528455285	984	14
624	0.0241545894	0.1513687601	0.3107890499	0.5136876006	621	13
625	0.0338427948	0.0851528384	0.1779475983	0.7030567686	916	14
626	0.0832	0.208	0.2912	0.4176	625	13
627	0.0284738041	0.1230068337	0.2038724374	0.6446469248	878	14
628	0.0251141553	0.0890410959	0.1270928463	0.7587519026	1314	14
629	0.0782537068	0.0543657331	0.0024711697	0.8649093904	1214	14
630	0.012195122	0.1661585366	0.4603658537	0.3612804878	656	13
631	0.0569620253	0.2215189873	0.3670886076	0.3544303797	790	13
632	0.0073770492	0.0204918033	0.1090163934	0.8631147541	1220	14
633	0.0097205346	0.0303766707	0.3037667072	0.6561360875	823	14
634	0	0	0	1	11	14
635	0.0125786164	0.1509433962	0.0251572327	0.8113207547	159	14
636	0	0	0	1	15	14
637	0.0612244898	0.1632653061	0	0.7755102041	49	14
638	0.6478873239	0.014084507	0	0.338028169	71	11
639	0.1917098446	0.310880829	0.1139896373	0.3834196891	193	12
640	0.0827067669	0.0526315789	0.030075188	0.8345864662	133	14